[[39.  24.  28.  23.5  0.   0.   0.   0.   0.  16.5  0.   0.   0.  18.5
  75.5]
 [39.  19.  16.  20.5  0.   0.   0.   0.   0.  11.5  0.   0.   0.  11.5
  43. ]
 [29.5 16.  19.  11.   0.   0.   0.   0.   0.5  7.   0.   0.   0.  12.
  18.5]
 [27.  21.  10.5  4.   1.5  0.   0.   0.   0.  10.5  0.   0.   0.   5.
  12.5]
 [16.5 13.5 12.   9.5  6.5  0.   0.   0.   4.5  6.5  0.   0.   0.   2.5
   0.5]
 [17.  18.  18.5 13.   0.5  0.5  0.   0.   0.   0.   0.5  0.5  0.   0.
   0. ]
 [13.5 16.  15.5  8.5  1.   2.   0.   0.   0.   0.5  0.   0.   0.5  0.
   0. ]]
[[ 67.5  37.5  46.5  42.5   0.    0.    0.    0.    0.   37.5   0.    0.
    0.   31.5 150. ]
 [ 42.   28.   32.5  24.    0.    0.    0.    0.    0.   19.5   0.    0.
    0.   17.   89. ]
 [ 44.5  29.5  35.5  18.    0.    3.5   0.    0.    4.5  13.5   0.    0.
    0.   10.   33.5]
 [ 21.   25.5  24.   14.    0.    8.    7.   11.    0.    0.    7.    0.
    0.    0.   10.5]
 [ 21.   30.   29.   15.    0.    0.    0.    0.    1.5   4.    0.    5.
    7.    0.    1. ]
 [ 22.   16.5  27.5  11.    0.    1.    0.    0.    6.5   0.    0.    0.
    0.5   0.    0. ]
 [ 16.   22.   20.    8.    0.    1.    0.    0.    2.    3.    0.    0.
    0.    0.5   0. ]]
[[111.5  65.5  70.5  65.5   0.    0.    0.    0.    0.   54.    0.    0.
    0.   47.5 222. ]
 [ 70.5  40.   39.5  39.    0.    0.    0.    0.    0.   30.5   0.    0.
    0.   27.  108.5]
 [ 44.5  34.5  38.   28.5  15.5   0.    0.    0.    0.   24.    0.    0.
    0.    8.5  44. ]
 [ 35.   35.5  37.5  26.    3.5   0.    4.5   2.5   0.    9.5   0.    0.
    0.    0.   33.5]
 [ 30.   25.5  38.5  29.   10.5   0.    0.    0.    3.5   1.    0.    4.
    0.    0.    1. ]
 [ 29.   21.5  25.   20.5   0.    1.5   0.    0.    0.    9.5   0.    0.
    1.    1.5   0.5]
 [ 19.   20.   26.   18.5   0.    1.    0.    0.    1.5   0.    0.    0.5
    0.    0.    0. ]]
[[146.   85.5  80.5  84.5   0.    0.    0.    0.    0.   66.5   0.    0.
    0.   70.5 288. ]
 [ 80.   43.5  51.5  49.    0.    0.    0.    0.    0.   38.5   0.    0.
    0.   34.5 163.5]
 [ 56.5  33.5  58.5  44.    0.    0.    0.    0.    0.    9.    0.    0.
    0.   13.5  85.5]
 [ 50.   33.5  40.5  27.5   0.    6.5   0.    0.    8.    5.    0.    0.
    0.   14.5  24. ]
 [ 28.5  43.5  20.5  29.    0.    0.    0.    0.5   0.   12.5  11.5   0.
   17.    0.    8.5]
 [ 38.   23.5  41.   23.5   0.    0.    0.    0.    9.5   0.5   0.    0.5
    0.    0.5   0. ]
 [ 14.   31.   28.   19.    0.    1.    6.5   0.    0.    0.    0.5   0.
    0.5   0.    0. ]]