[[41.  40.5 25.  20.5  0.   0.   0.   0.   0.  13.   0.   0.   0.  21.
  26. ]
 [31.  25.5 17.  14.   0.   0.   0.   0.   0.   5.   0.   0.   0.  12.5
  15.5]
 [20.5 18.  24.5 15.   0.  10.   0.   0.  10.5  0.   0.   0.   0.   0.
   3. ]
 [26.5 17.  15.5 16.   0.   0.   0.   9.   0.   0.   0.   0.   0.   1.
   0. ]
 [19.  14.  14.5 10.   0.   1.   0.   0.   0.5  0.5  0.   0.   0.   4.5
   0.5]
 [18.  16.5 18.   3.5  0.5  0.   0.   0.   2.5  2.   0.   1.   0.   0.
   0.5]
 [14.5 14.5 16.   7.   0.   0.5  0.   0.   0.5  0.   0.5  1.   0.   0.
   0.5]]
[[82.  75.5 47.5 44.5  0.   0.   0.   0.   0.  31.   0.   0.   0.  39.5
  60.5]
 [53.  50.5 31.  24.   0.   0.   0.   0.   0.  21.5  0.   0.   0.  19.
  28.5]
 [39.5 35.  26.  18.   0.   0.   0.   0.   0.   8.   0.   0.   0.   9.5
  15. ]
 [26.  29.  26.5 13.   3.5  0.   0.   0.   3.5  5.   0.  10.5  0.   0.
   2.5]
 [21.  25.  27.  20.   0.   1.   0.   0.   3.   0.   0.   0.   3.5  0.5
   3. ]
 [21.5 12.  22.   7.   0.   0.   0.   0.   6.5  0.   0.   1.   0.   0.
   0. ]
 [17.  15.5 19.  11.   1.   0.   0.   0.   0.   1.5  0.   0.   0.   0.
   0.5]]
[[124.  104.   61.5  65.    0.    0.    0.    0.    0.   42.    0.    0.
    0.   65.5  81.5]
 [ 62.5  68.   36.   41.    0.    0.    0.    0.    0.   23.5   0.    0.
    0.   36.   56.5]
 [ 39.5  45.   63.   24.5   0.    0.    0.    0.    7.    5.    0.    8.
    0.    8.5  15.5]
 [ 33.5  42.5  22.5  13.    1.5   0.    0.    0.    0.   19.    0.    0.
    0.    4.   10. ]
 [ 33.5  21.   32.5  13.5   0.    1.    0.    0.   15.5   1.5   0.    0.
    0.    5.5   2.5]
 [ 18.   18.   17.   18.    1.    0.    0.    3.    0.    0.    7.    0.
    0.    0.    1. ]
 [ 17.5  21.5  20.   12.5   1.5   0.5   0.    0.    0.    0.    0.5   0.
    0.5   0.    0.5]]
[[170.5 145.   98.5  91.5   0.    0.    0.    0.    0.   58.    0.    0.
    0.   91.5 116.5]
 [ 98.5  75.   39.5  57.    0.    0.    0.    0.    0.   29.    0.    0.
    0.   49.   57. ]
 [ 61.   45.5  46.5  42.    0.    0.    0.    0.    0.    8.    0.    0.
    0.   30.   30. ]
 [ 37.   42.5  28.   44.5   3.5   0.    0.   16.5   0.    4.5   5.5   0.
    0.    0.    7. ]
 [ 35.5  26.5  50.5  28.5   4.5   0.    0.    0.    9.    0.    0.5   0.5
    0.    0.    1. ]
 [ 23.   28.5  31.   22.5   0.5   0.    0.    0.    2.5   1.5   0.    0.5
    0.    0.    0. ]
 [ 19.5  24.   25.5  13.5   0.    0.5   1.    0.    0.    0.    0.    0.
    1.    0.    0. ]]